0.494954
0.501886
0.508778
0.514419
0.521164
0.528094
0.536117
0.61218
0.620034
0.628603
0.633932
0.639712
0.64577
0.650883
0.665301
0.731708
0.740671
0.747941
0.752597
0.756486
0.76357
0.769123
0.778237
0.850728
0.858707
0.864007
0.869143
0.873477
0.880604
0.887291
0.896757
0.970025
0.977052
0.982671
0.988624
0.993919
0.99944
1.00636
1.01217
1.08724
1.09592
1.1025
1.10829
1.11315
1.11634
1.12369
1.13093
1.20631
1.21454
1.22054
1.22596
1.23069
1.23625
1.2394
1.24557
1.25388
1.3257
1.33425
1.33953
1.34544
1.34972
1.35543
1.36414
1.37415
1.44505
1.4528
1.46036
1.46692
1.47014
1.47447
1.48246
1.48991
1.56231
1.57054
1.57666
1.58248
1.58788
1.59318
1.60075
1.60815
1.68142
1.68969
1.69547
1.70143
1.70708
1.71298
1.71988
1.72801
1.80058
1.80781
1.81434
1.82116
1.82557
1.83209
1.83883
1.85074
1.91997
