0.501208
0.530919
0.557359
0.585159
0.611783
0.638849
0.664335
0.691969
0.715858
0.739776
0.76455
0.790033
0.813899
0.839193
0.864407
0.888262
0.912588
0.936795
0.960529
0.982997
1.00851
1.03292
1.0562
1.0799
1.10439
1.12668
1.14916
1.17211
1.19361
1.21614
1.23956
1.26035
1.28312
1.30542
1.32671
1.34868
1.37217
1.39554
1.41703
1.43882
1.46016
1.48348
1.50473
1.52717
1.55065
1.57491
1.59609
1.61955
1.64325
1.66668
1.68916
1.71153
1.73313
1.7551
1.77684
1.79963
1.8192
1.84041
1.86313
1.88681
1.90785
