0.499035
0.525737
0.553961
0.580243
0.607456
0.63172
0.656138
0.67966
0.706925
0.731056
0.755864
0.782274
0.80626
0.829985
0.854648
0.879726
0.902361
0.925568
0.948935
0.972526
0.995011
1.01775
1.0414
1.06403
1.08681
1.11086
1.13276
1.15737
1.17995
1.20257
1.2265
1.24996
1.27269
1.29584
1.31857
1.34055
1.36237
1.38581
1.40861
1.4304
1.45279
1.47428
1.49739
1.52
1.54219
1.56456
1.58651
1.60963
1.63149
1.6543
1.67736
1.69736
1.71938
1.74248
1.76605
1.78787
1.80945
1.83018
1.8522
1.87493
1.89758
1.91881

