0.495379
0.522684
0.550147
0.576787
0.603723
0.630824
0.657626
0.684117
0.711293
0.737494
0.763313
0.789212
0.813315
0.837214
0.860969
0.886314
0.909628
0.933198
0.957844
0.98066
1.00407
1.02782
1.05187
1.0743
1.09771
1.12054
1.14226
1.16562
1.18774
1.21195
1.2335
1.25455
1.27699
1.29907
1.32126
1.34384
1.36634
1.38982
1.41146
1.43187
1.45422
1.47707
1.50004
1.52191
1.54577
1.56735
1.59197
1.61456
1.63586
1.65946
1.68338
1.70621
1.72742
1.74987
1.77236
1.79568
1.81675
1.84079
1.86397
1.88795
1.9106

