0.507947
0.52136
0.529755
0.539309
0.550801
0.569586
0.62561
0.639072
0.648289
0.65683
0.666997
0.679804
0.744289
0.756668
0.767626
0.774997
0.785453
0.799987
0.863303
0.876822
0.887058
0.897144
0.907958
0.924655
0.983644
0.997319
1.00748
1.01627
1.0247
1.0445
1.10069
1.11386
1.12409
1.13414
1.14462
1.16194
1.22021
1.23314
1.24249
1.25287
1.26325
1.28121
1.33954
1.35228
1.36078
1.37012
1.37942
1.39257
1.45818
1.47052
1.4818
1.49152
1.50355
1.57418
1.58804
1.59725
1.60686
1.61869
1.63653
1.6953
1.70887
1.71847
1.72901
1.73851
1.75406
1.81395
1.82695
1.83602
1.84554
1.85605
1.87073
