0.507243
0.520684
0.532662
0.544742
0.557875
0.624094
0.637576
0.649601
0.660481
0.671958
0.743147
0.75745
0.767036
0.776092
0.786999
0.803475
0.863481
0.87672
0.887074
0.896558
0.907859
0.981168
0.995221
1.00588
1.01564
1.02868
1.09806
1.11165
1.1215
1.13022
1.14189
1.15377
1.21843
1.23149
1.24198
1.25261
1.26032
1.27267
1.33711
1.35058
1.36003
1.368
1.37689
1.38865
1.4563
1.46931
1.48011
1.4899
1.49965
1.51861
1.57521
1.58845
1.59709
1.60738
1.61679
1.63238
1.69402
1.70656
1.71681
1.72625
1.73761
1.75262
1.8126
1.82657
1.83632
1.84672
1.85865
1.87425
