0.506755
0.520646
0.530005
0.539852
0.552508
0.623558
0.636195
0.645823
0.654479
0.665476
0.675082
0.74407
0.758083
0.769169
0.777355
0.788127
0.802697
0.864141
0.87635
0.886334
0.89379
0.903736
0.920501
0.983407
0.996964
1.00549
1.01549
1.02654
1.04851
1.10136
1.11439
1.12359
1.1344
1.14312
1.15858
1.22034
1.23352
1.24347
1.25226
1.2634
1.28494
1.34021
1.3532
1.36293
1.37535
1.38767
1.45763
1.47036
1.48089
1.49029
1.49912
1.51351
1.57524
1.58906
1.59884
1.60866
1.61922
1.69304
1.70624
1.71634
1.72754
1.73723
1.75059
1.8135
1.82757
1.83842
1.84774
1.85768
