0.506342
0.520454
0.531735
0.540873
0.55149
0.569549
0.625488
0.639295
0.649807
0.660099
0.671327
0.743092
0.756055
0.766998
0.776519
0.78693
0.799248
0.863215
0.876382
0.885808
0.895462
0.905208
0.919439
0.982701
0.994971
1.00454
1.0138
1.02465
1.04429
1.10055
1.11326
1.12417
1.13485
1.14565
1.16418
1.21992
1.23201
1.24172
1.2516
1.26174
1.28197
1.33871
1.35122
1.36118
1.37014
1.38064
1.39493
1.45723
1.47088
1.48156
1.49105
1.50122
1.57252
1.58546
1.596
1.60598
1.6144
1.62677
1.69308
1.70504
1.71518
1.72384
1.73177
1.74278
1.8116
1.82609
1.83487
1.84768
1.85802
1.87375
