0.507121
0.519148
0.52903
0.537833
0.54829
0.566425
0.625063
0.638168
0.647587
0.656314
0.665858
0.677943
0.743613
0.757037
0.767126
0.777325
0.788622
0.804475
0.863692
0.876314
0.886942
0.897271
0.909663
0.981404
0.994866
1.00567
1.01456
1.0258
1.04116
1.10001
1.11301
1.12264
1.13293
1.14177
1.15444
1.21855
1.23101
1.24013
1.25088
1.26065
1.27165
1.33742
1.3509
1.36107
1.37106
1.38221
1.39688
1.45765
1.47018
1.47935
1.48702
1.49674
1.50911
1.5738
1.58754
1.59825
1.60683
1.61746
1.6341
1.69434
1.70663
1.71771
1.72716
1.73724
1.75341
1.81335
1.82631
1.83594
1.847
1.85501
1.87004

