0.507533
0.521439
0.533926
0.543032
0.555023
0.623629
0.637717
0.649054
0.656896
0.665836
0.679466
0.743795
0.755917
0.766231
0.776854
0.786055
0.801822
0.863787
0.877152
0.887881
0.897201
0.908467
0.981704
0.995001
1.00367
1.01176
1.02156
1.03235
1.09889
1.11228
1.12193
1.13187
1.1425
1.15472
1.2187
1.23147
1.24223
1.25326
1.26395
1.27979
1.33866
1.35168
1.36244
1.37211
1.38334
1.45643
1.47034
1.48108
1.49185
1.50185
1.57384
1.58596
1.59592
1.60493
1.61608
1.62975
1.69424
1.70778
1.71929
1.72993
1.74213
1.81303
1.82548
1.8359
1.84636
1.85607
1.8735
