0.50813
0.521437
0.533132
0.543393
0.554241
0.624145
0.637305
0.647414
0.655668
0.667396
0.684052
0.745064
0.758068
0.769574
0.776726
0.78727
0.805186
0.864853
0.877804
0.889205
0.898125
0.910739
0.98276
0.996488
1.00792
1.01839
1.02893
1.09958
1.11188
1.12382
1.13427
1.14571
1.21846
1.2318
1.24235
1.24978
1.26004
1.27536
1.33871
1.35259
1.36347
1.37351
1.38264
1.45683
1.47054
1.47927
1.48928
1.49982
1.51339
1.57541
1.58791
1.59738
1.60675
1.61714
1.63065
1.69496
1.70828
1.72134
1.73244
1.74209
1.8131
1.82641
1.83781
1.8498
1.86139
