0.507954
0.519441
0.529925
0.539217
0.54855
0.569442
0.625428
0.638073
0.648466
0.657524
0.667141
0.678216
0.744187
0.75669
0.767346
0.778151
0.789498
0.862526
0.875908
0.887008
0.896321
0.907175
0.982083
0.996315
1.00549
1.01269
1.0224
1.03915
1.10033
1.11224
1.12182
1.13184
1.14226
1.16061
1.22027
1.23242
1.24051
1.24829
1.25779
1.27036
1.33857
1.35196
1.36318
1.37265
1.38584
1.45756
1.47123
1.48139
1.49225
1.50454
1.57488
1.58822
1.60073
1.61
1.62241
1.69315
1.70673
1.71745
1.72874
1.73926
1.75895
1.81456
1.82879
1.83722
1.84761
1.85674
1.87663
