0.50697
0.520994
0.529968
0.539312
0.549683
0.568168
0.625923
0.640194
0.650945
0.662158
0.672496
0.744333
0.756585
0.766821
0.777622
0.788574
0.805813
0.864951
0.87703
0.888699
0.898196
0.909924
0.982824
0.996718
1.00826
1.01909
1.03049
1.10036
1.11313
1.12319
1.13296
1.14156
1.15823
1.22055
1.23245
1.24355
1.25377
1.26746
1.33886
1.35293
1.3631
1.37312
1.38447
1.45821
1.47089
1.48154
1.48961
1.50112
1.51687
1.5765
1.58875
1.59791
1.60766
1.61725
1.63518
1.69604
1.70868
1.71828
1.72886
1.73889
1.81386
1.82773
1.838
1.84681
1.85858
