0.497467
0.507984
0.514728
0.520212
0.527553
0.53469
0.543724
0.615631
0.624179
0.630791
0.63886
0.644564
0.651607
0.662159
0.734776
0.74503
0.751926
0.758257
0.764908
0.77163
0.781163
0.85332
0.863135
0.871261
0.877915
0.883576
0.89117
0.898722
0.972352
0.982041
0.990128
0.998386
1.0071
1.01625
1.09027
1.09929
1.10587
1.11136
1.11791
1.1247
1.13287
1.14388
1.21013
1.21964
1.22678
1.23371
1.23833
1.24433
1.25301
1.32835
1.33708
1.34435
1.35135
1.35801
1.36446
1.37246
1.44752
1.45672
1.4632
1.4707
1.47764
1.48479
1.49214
1.56553
1.57583
1.58379
1.59205
1.59979
1.60676
1.68453
1.69394
1.70272
1.71014
1.71683
1.72207
1.73244
1.80356
1.8135
1.82101
1.82847
1.83575
1.84268
1.85059

