0.497198
0.507136
0.514053
0.521095
0.527039
0.533638
0.545736
0.615371
0.625311
0.631644
0.638047
0.644923
0.651193
0.656799
0.666831
0.734756
0.743357
0.750612
0.757791
0.763741
0.770351
0.778308
0.853229
0.862101
0.870004
0.876522
0.883271
0.890412
0.897885
0.972263
0.981234
0.989695
0.995333
1.00132
1.00884
1.01885
1.09029
1.10064
1.10783
1.11463
1.12127
1.12744
1.13237
1.20932
1.21921
1.22814
1.23725
1.24558
1.25379
1.32819
1.33762
1.34538
1.3517
1.35859
1.36513
1.37406
1.44729
1.45714
1.46441
1.47057
1.47808
1.48563
1.49587
1.56555
1.57521
1.58396
1.58966
1.59547
1.60403
1.61324
1.68451
1.69441
1.70274
1.70922
1.71611
1.7237
1.73642
1.80378
1.81359
1.82132
1.82888
1.83519
1.84177
1.85212

