0.497449
0.506934
0.51419
0.521977
0.529551
0.535805
0.541805
0.615135
0.626171
0.632632
0.637834
0.644219
0.650277
0.658112
0.669698
0.735081
0.743818
0.752514
0.760485
0.767114
0.775897
0.784722
0.853464
0.863032
0.870869
0.877075
0.882934
0.890667
0.898543
0.972242
0.98148
0.989282
0.995899
1.00254
1.0106
1.0197
1.09038
1.09926
1.10817
1.11534
1.12124
1.12706
1.13339
1.14938
1.21015
1.21907
1.22777
1.23478
1.24237
1.24844
1.25991
1.32846
1.338
1.34556
1.35186
1.35936
1.36633
1.37438
1.44706
1.45629
1.46214
1.46898
1.47553
1.48368
1.49181
1.56516
1.57395
1.58139
1.58887
1.59784
1.60443
1.61307
1.68415
1.69345
1.70053
1.7074
1.71389
1.71859
1.7262
1.7383
1.8032
1.81303
1.8205
1.82694
1.83363
1.84253
1.85103
