0.496907
0.506798
0.515708
0.521796
0.527588
0.533024
0.545163
0.615126
0.624263
0.632227
0.638458
0.64452
0.649589
0.658476
0.733599
0.74456
0.751799
0.759942
0.767353
0.775424
0.790461
0.85328
0.862716
0.870823
0.876592
0.884364
0.891386
0.899356
0.971966
0.981697
0.9911
0.997315
1.00285
1.01079
1.01989
1.09015
1.09839
1.10627
1.1129
1.11835
1.12301
1.13142
1.14069
1.20942
1.21862
1.22615
1.23348
1.23933
1.2475
1.25841
1.3283
1.33784
1.34521
1.35229
1.35957
1.36732
1.37833
1.44724
1.45645
1.46426
1.47128
1.47647
1.48538
1.4943
1.56526
1.57477
1.58249
1.58887
1.59469
1.60108
1.60764
1.62082
1.68501
1.6935
1.70302
1.71094
1.71889
1.72753
1.80302
1.81343
1.82197
1.82691
1.83341
1.83788
1.84492
1.863
