0.497501
0.506549
0.513627
0.52035
0.526152
0.53333
0.539709
0.614963
0.623843
0.63127
0.637699
0.645549
0.653469
0.66352
0.734222
0.744025
0.752833
0.758996
0.766611
0.774626
0.782466
0.852967
0.862213
0.870838
0.876746
0.883984
0.890534
0.902771
0.971815
0.981501
0.989254
0.99619
1.00192
1.00899
1.0172
1.09
1.09951
1.10675
1.11338
1.12002
1.12657
1.13417
1.14975
1.2096
1.21914
1.22681
1.23558
1.24248
1.24951
1.25863
1.32776
1.33664
1.34474
1.35152
1.35815
1.36671
1.37445
1.44671
1.45629
1.46309
1.47032
1.47476
1.48315
1.49318
1.56452
1.57309
1.58132
1.58809
1.59422
1.60302
1.61277
1.68363
1.69383
1.70206
1.70963
1.71465
1.72048
1.72823
1.80238
1.81153
1.81929
1.82546
1.83113
1.83746
1.84436
1.85468

