0.497327
0.507679
0.515237
0.521999
0.527894
0.535181
0.544347
0.615574
0.625687
0.632173
0.638772
0.643846
0.650288
0.661831
0.734923
0.74469
0.751275
0.758126
0.764825
0.773531
0.78411
0.853926
0.863883
0.872551
0.878671
0.887009
0.894558
0.907576
0.973019
0.982567
0.990932
0.997134
1.00314
1.01255
1.02561
1.09077
1.1006
1.10813
1.1152
1.12095
1.12642
1.13609
1.20978
1.21935
1.2264
1.23298
1.24004
1.24797
1.25621
1.32863
1.33859
1.34691
1.35275
1.35885
1.36428
1.3706
1.38822
1.44812
1.45857
1.46489
1.47072
1.4769
1.48285
1.49092
1.56549
1.57442
1.58292
1.58915
1.59643
1.60453
1.61375
1.68504
1.69517
1.70195
1.70756
1.71303
1.72113
1.72999
1.80363
1.81404
1.82068
1.82539
1.83183
1.84016
1.84947
