0.497698
0.506897
0.514201
0.523132
0.529632
0.536679
0.548335
0.61551
0.625484
0.6326
0.637256
0.644473
0.652246
0.661122
0.73408
0.743413
0.751198
0.757696
0.764118
0.7696
0.777445
0.79226
0.853788
0.862872
0.870524
0.875364
0.88349
0.887418
0.893998
0.909186
0.972633
0.982527
0.989193
0.995904
1.0017
1.00792
1.01731
1.09015
1.1
1.10909
1.11492
1.12102
1.12913
1.13915
1.20944
1.21982
1.2266
1.23295
1.24116
1.24863
1.25822
1.32811
1.33806
1.34606
1.35366
1.36098
1.36808
1.3786
1.44724
1.45812
1.46589
1.47333
1.48045
1.49007
1.56518
1.57541
1.58233
1.58846
1.59453
1.60267
1.61218
1.68443
1.69368
1.70094
1.70786
1.71498
1.72029
1.72942
1.80321
1.81359
1.82129
1.8267
1.83364
1.84332
1.85326

