0.497363
0.506987
0.514909
0.520995
0.527425
0.533919
0.542132
0.61549
0.624912
0.631533
0.640474
0.647462
0.655043
0.664252
0.73506
0.744639
0.751868
0.758438
0.766092
0.774754
0.783796
0.854122
0.864161
0.87024
0.876709
0.884788
0.8913
0.901631
0.972979
0.983452
0.992095
0.997895
1.00371
1.01005
1.01982
1.09094
1.10058
1.10772
1.1139
1.12278
1.12927
1.13943
1.21041
1.22058
1.22742
1.23362
1.24138
1.25094
1.25922
1.32927
1.33876
1.3444
1.35104
1.35747
1.36413
1.37205
1.44787
1.4569
1.46384
1.47054
1.47717
1.48518
1.49391
1.56617
1.57613
1.58229
1.58914
1.59462
1.60116
1.60886
1.68532
1.69375
1.70159
1.70681
1.71504
1.72203
1.73076
1.80426
1.8135
1.82079
1.82818
1.83625
1.84455
