0.497466
0.508079
0.516572
0.523894
0.531046
0.540702
0.615025
0.624954
0.631512
0.639193
0.645219
0.65149
0.660629
0.733997
0.744254
0.752244
0.756849
0.76412
0.770767
0.780118
0.852715
0.862876
0.870166
0.876002
0.88276
0.889646
0.897677
0.971889
0.980554
0.98704
0.99397
1.00155
1.0091
1.01935
1.09026
1.09899
1.10653
1.1129
1.11935
1.12606
1.136
1.2094
1.21929
1.2265
1.23448
1.24081
1.24931
1.25911
1.32846
1.33836
1.3462
1.35184
1.35823
1.36595
1.3744
1.44726
1.45641
1.46256
1.46996
1.47738
1.48463
1.49334
1.56541
1.57456
1.58219
1.58874
1.59497
1.60301
1.61368
1.68464
1.69336
1.7003
1.70702
1.7148
1.72329
1.73273
1.80339
1.81247
1.82044
1.82516
1.83233
1.84031
1.84785
