0.495158
0.503172
0.508902
0.513669
0.518934
0.525608
0.532654
0.541208
0.6123
0.620044
0.625706
0.630825
0.636924
0.640822
0.644747
0.650116
0.658592
0.731251
0.739773
0.745653
0.750867
0.755356
0.762405
0.770491
0.778584
0.850537
0.857961
0.8636
0.869989
0.875387
0.882902
0.889951
0.901581
0.970024
0.978303
0.98537
0.990717
0.997072
1.00333
1.0112
1.0223
1.08745
1.0958
1.10199
1.10674
1.11269
1.11955
1.12728
1.1348
1.20628
1.21568
1.22228
1.22798
1.23334
1.24057
1.2475
1.25924
1.32578
1.33382
1.34037
1.34633
1.35304
1.35908
1.36445
1.37457
1.44475
1.45278
1.46018
1.4657
1.47173
1.47748
1.48355
1.49428
1.56228
1.57093
1.57712
1.58367
1.58676
1.59193
1.59645
1.60401
1.61301
1.6814
1.69081
1.69605
1.70119
1.70717
1.71115
1.71737
1.72447
1.73884
1.80073
1.8094
1.81617
1.8209
1.82465
1.82881
1.8358
1.84483
1.91927

