0.495076
0.503513
0.509356
0.515327
0.519723
0.52251
0.528487
0.53656
0.546373
0.612667
0.62081
0.627364
0.632902
0.637637
0.641878
0.646789
0.655323
0.664736
0.731711
0.741367
0.7493
0.755342
0.761475
0.767459
0.77588
0.850659
0.858869
0.864879
0.871069
0.877657
0.884367
0.893399
0.909778
0.970274
0.979698
0.984502
0.990377
0.995655
1.00278
1.00914
1.01776
1.08743
1.09541
1.10382
1.10868
1.11334
1.11782
1.12507
1.132
1.20641
1.2141
1.22209
1.22667
1.23159
1.23615
1.24259
1.24888
1.32547
1.334
1.34107
1.34765
1.35335
1.35897
1.36671
1.37923
1.44511
1.45326
1.45981
1.46479
1.46875
1.47264
1.47948
1.4869
1.49825
1.56266
1.57194
1.57859
1.58463
1.59054
1.59658
1.60358
1.61213
1.68151
1.68974
1.69631
1.70159
1.70631
1.70985
1.71665
1.72386
1.73472
1.80094
1.80949
1.81703
1.82341
1.82987
1.83497
1.84335
1.91977
