0.494935
0.503597
0.508374
0.514603
0.519583
0.52468
0.530116
0.537178
0.61217
0.620443
0.626682
0.631023
0.63589
0.640919
0.647288
0.65256
0.662806
0.73163
0.740177
0.746093
0.753435
0.758113
0.763284
0.772733
0.850546
0.858088
0.86331
0.871267
0.876049
0.880146
0.885217
0.892043
0.902583
0.97011
0.978554
0.985453
0.992592
0.996416
1.00198
1.00537
1.01391
1.08722
1.09483
1.10243
1.10937
1.11328
1.1187
1.12493
1.13008
1.13876
1.20644
1.21407
1.21873
1.22483
1.22892
1.23364
1.23934
1.24591
1.25769
1.32557
1.33354
1.33994
1.34606
1.3534
1.35898
1.36698
1.37673
1.44478
1.45349
1.46112
1.46655
1.47426
1.48045
1.4912
1.56214
1.56971
1.57528
1.58144
1.58721
1.59386
1.60005
1.60778
1.68097
1.69022
1.69569
1.70019
1.70603
1.71025
1.7166
1.72098
1.72965
1.80039
1.80869
1.81438
1.82003
1.82681
1.83058
1.83621
1.84528
1.91914
