0.49479
0.502478
0.509713
0.516266
0.520187
0.52588
0.53162
0.540225
0.612045
0.619967
0.62749
0.632462
0.636854
0.642654
0.649337
0.656621
0.731184
0.738548
0.744523
0.74929
0.753232
0.759148
0.765632
0.77344
0.784534
0.850785
0.858584
0.865467
0.871582
0.876571
0.882255
0.887507
0.896199
0.969789
0.978095
0.984129
0.990059
0.996305
1.00377
1.01234
1.02393
1.08768
1.09643
1.10301
1.10738
1.11279
1.1172
1.12497
1.13256
1.2064
1.21408
1.22144
1.22682
1.23256
1.23804
1.24611
1.25539
1.32572
1.33538
1.34147
1.34716
1.35384
1.36347
1.37416
1.44505
1.45233
1.45813
1.46397
1.46923
1.47608
1.48111
1.49151
1.56227
1.57024
1.57658
1.58327
1.58863
1.59267
1.59868
1.60447
1.61463
1.68161
1.68954
1.69512
1.7006
1.7054
1.71143
1.71777
1.72507
1.73422
1.80073
1.80931
1.81596
1.82313
1.82943
1.83339
1.83693
1.84392
1.91943
