0.494558
0.502441
0.509182
0.514957
0.518998
0.523669
0.529258
0.535994
0.549016
0.612585
0.622131
0.629713
0.63401
0.639582
0.645634
0.652439
0.662962
0.731478
0.739478
0.746398
0.752032
0.758038
0.763051
0.769856
0.782959
0.850711
0.859823
0.863797
0.871392
0.878136
0.885179
0.892247
0.902914
0.969793
0.978063
0.984829
0.990225
0.996337
1.0012
1.00495
1.01221
1.0868
1.09555
1.10217
1.10811
1.11135
1.11697
1.12402
1.13179
1.20607
1.21351
1.21955
1.22616
1.23263
1.23958
1.24615
1.25491
1.32564
1.3345
1.34033
1.34693
1.35274
1.35894
1.3659
1.37289
1.44466
1.4521
1.45872
1.46417
1.46956
1.47521
1.47963
1.4869
1.49929
1.56244
1.57026
1.57636
1.58182
1.58863
1.59532
1.60306
1.61155
1.68129
1.69012
1.69542
1.7011
1.7054
1.71392
1.72053
1.72943
1.80052
1.80925
1.81642
1.82166
1.82603
1.83193
1.83689
1.84451
1.91925
