0.494896
0.503094
0.509505
0.515866
0.520705
0.524696
0.529247
0.535279
0.545517
0.612343
0.620961
0.628643
0.634338
0.640081
0.646731
0.654709
0.731285
0.738968
0.746883
0.752473
0.758416
0.763759
0.76806
0.774541
0.784771
0.850758
0.860698
0.869512
0.874281
0.880291
0.887458
0.894789
0.969475
0.97843
0.98404
0.990507
0.996569
1.00423
1.01035
1.0194
1.08726
1.09578
1.10203
1.10734
1.11191
1.11702
1.12382
1.12944
1.13993
1.20662
1.21433
1.22054
1.22619
1.23109
1.23731
1.24348
1.25329
1.32564
1.33384
1.33837
1.34554
1.35066
1.35558
1.36289
1.36989
1.38112
1.44513
1.45264
1.45862
1.46547
1.46962
1.47425
1.48008
1.48726
1.56203
1.57051
1.57679
1.58327
1.58683
1.58987
1.59517
1.6019
1.61392
1.68151
1.68952
1.69577
1.70049
1.70708
1.71322
1.72115
1.72979
1.80058
1.80869
1.81476
1.82193
1.82762
1.83341
1.84081
1.8533
