0.49495
0.503155
0.510115
0.516671
0.523553
0.531025
0.538559
0.549023
0.612861
0.621093
0.627298
0.633787
0.641013
0.645263
0.653669
0.666536
0.73193
0.739204
0.745697
0.752802
0.758584
0.763545
0.77236
0.78623
0.851153
0.858964
0.865092
0.870952
0.877215
0.884843
0.890398
0.89746
0.970226
0.977865
0.98385
0.988174
0.993235
0.9984
1.0034
1.01125
1.02174
1.08809
1.09507
1.10127
1.10674
1.11179
1.11727
1.12357
1.13027
1.14135
1.20721
1.21492
1.22033
1.2268
1.23224
1.23678
1.24491
1.25384
1.32627
1.33431
1.33925
1.34387
1.34959
1.35498
1.36364
1.37098
1.44527
1.45268
1.45815
1.46379
1.46836
1.47237
1.47866
1.48547
1.56272
1.57071
1.57671
1.58283
1.58754
1.59227
1.59934
1.60763
1.68191
1.68925
1.69592
1.70233
1.70704
1.71282
1.719
1.72781
1.80104
1.80947
1.81505
1.82117
1.82814
1.83419
1.84038
1.85059

