0.495044
0.503266
0.509405
0.51405
0.520308
0.526764
0.533649
0.543861
0.612475
0.620372
0.626857
0.631756
0.637292
0.642914
0.649542
0.659113
0.731541
0.739398
0.744102
0.750871
0.756905
0.762335
0.769189
0.77773
0.850635
0.859327
0.866243
0.872603
0.877998
0.884281
0.891832
0.900028
0.969982
0.978247
0.984524
0.989731
0.994593
0.999724
1.00542
1.01312
1.08722
1.09556
1.10299
1.10865
1.11338
1.11894
1.12415
1.13302
1.20649
1.21357
1.21955
1.22587
1.22964
1.23458
1.24101
1.24948
1.32562
1.33466
1.34075
1.34525
1.35089
1.35624
1.36452
1.37363
1.44511
1.45221
1.459
1.46685
1.47095
1.4772
1.48271
1.49242
1.56255
1.56988
1.57585
1.58158
1.58771
1.59389
1.60245
1.61176
1.68167
1.68982
1.6967
1.70242
1.70793
1.71255
1.71805
1.72513
1.80069
1.80922
1.81587
1.82107
1.82651
1.83298
1.83899
1.84813

